k,assignments_select,comparisons_select,operations_select,assignments_bubble,comparisons_bubble,operations_bubble,assignments_binInsertion,comparisons_binInsertion,operations_binInsertion
100,297,4950,5247,1236,4947,6183,2494,1452,3946
200,597,19900,20497,2838,19764,22602,10264,3493,13757
300,897,44850,45747,4317,44574,48891,22688,5711,28399
400,1197,79800,80997,4884,54149,59033,38959,8133,47092
500,1497,124750,126247,7803,124372,132175,60024,10666,70690
600,1797,179700,181497,8391,162309,170700,94587,13199,107786
700,2097,244650,246747,10146,174899,185045,121355,15933,137288
800,2397,319600,321997,10221,144072,154293,159044,18670,177714
900,2697,404550,407247,15156,359999,375155,202079,21473,223552
1000,2997,499500,502497,14556,342420,356976,261110,24309,285419
1100,3297,604450,607747,15513,400609,416122,313477,27088,340565
1200,3597,719400,722997,21390,471944,493334,364975,30044,395019
1300,3897,844350,848247,23574,713022,736596,415836,33009,448845
1400,4197,979300,983497,25224,860959,886183,487297,35968,523265
1500,4497,1124250,1128747,25713,818097,843810,583994,39113,623107
1600,4797,1279200,1283997,31314,1278570,1309884,629840,42195,672035
1700,5097,1444150,1449247,29487,882880,912367,717018,45154,762172
1800,5397,1619100,1624497,33642,1578914,1612556,832974,48332,881306
1900,5697,1804050,1809747,33696,1630884,1664580,909674,51417,961091
2000,5997,1999000,2004997,38115,1885474,1923589,1017923,54595,1072518
2100,6297,2203950,2210247,36138,1479744,1515882,1101025,57605,1158630
2200,6597,2418900,2425497,38697,1229247,1267944,1204228,60798,1265026
2300,6897,2643850,2650747,44859,2496154,2541013,1295341,63997,1359338
2400,7197,2878800,2885997,45702,2442155,2487857,1431473,67187,1498660
2500,7497,3123750,3131247,47730,2819160,2866890,1585731,70494,1656225
2600,7797,3378700,3386497,48801,2631447,2680248,1707564,73627,1781191
2700,8097,3643650,3651747,51042,2381984,2433026,1830274,76985,1907259
2800,8397,3918600,3926997,54198,3114054,3168252,1992016,80391,2072407
2900,8697,4203550,4212247,56478,3313105,3369583,2096650,83758,2180408
3000,8997,4498500,4507497,61011,2557065,2618076,2251416,87068,2338484
3100,9297,4803450,4812747,62145,4644684,4706829,2366230,90390,2456620
3200,9597,5118400,5127997,59877,3511872,3571749,2599117,93958,2693075
3300,9897,5443350,5453247,51603,2908724,2960327,2733523,97298,2830821
3400,10197,5778300,5788497,68397,5244239,5312636,2951047,100695,3051742
3500,10497,6123250,6133747,60618,3449422,3510040,3067113,104014,3171127
3600,10797,6478200,6488997,69048,5682509,5751557,3217133,107429,3324562
3700,11097,6843150,6854247,65802,3959549,4025351,3431605,110838,3542443
3800,11397,7218100,7229497,79977,7211884,7291861,3598798,114322,3713120
3900,11697,7603050,7614747,72045,6469785,6541830,3817467,117626,3935093
4000,11997,7998000,8009997,74949,5349549,5424498,4025550,121089,4146639
4100,12297,8402950,8415247,90972,7981129,8072101,4175636,124510,4300146
4200,12597,8817900,8830497,89847,6471039,6560886,4353520,127853,4481373
4300,12897,9242850,9255747,89412,9015375,9104787,4652897,131436,4784333
4400,13197,9677800,9690997,118827,9509310,9628137,4870142,134830,5004972
4500,13497,10122750,10136247,82767,6389472,6472239,5048727,138215,5186942
4600,13797,10577700,10591497,97698,10007922,10105620,5241400,141696,5383096
4700,14097,11042650,11056747,92625,7143622,7236247,5534380,145240,5679620
4800,14397,11517600,11531997,99093,10988694,11087787,5646889,148751,5795640
4900,14697,12002550,12017247,112941,11909885,12022826,6041497,152217,6193714
5000,14997,12497500,12512497,117012,10953097,11070109,6224410,155878,6380288
5100,15297,13002450,13017747,94671,7186695,7281366,6513843,159410,6673253
5200,15597,13517400,13532997,100059,7756085,7856144,6800333,163053,6963386
5300,15897,14042350,14058247,106014,12232597,12338611,6975031,166675,7141706
5400,16197,14577300,14593497,111339,12249897,12361236,7204624,170261,7374885
5500,16497,15122250,15138747,134301,15035097,15169398,7609341,173844,7783185
5600,16797,15677200,15693997,127140,12185797,12312937,7855498,177595,8033093
5700,17097,16242150,16259247,130749,16223040,16353789,8027138,181187,8208325
5800,17397,16817100,16834497,123906,11963930,12087836,8403539,184767,8588306
5900,17697,17402050,17419747,110118,11705050,11815168,8677266,188467,8865733
6000,17997,17997000,18014997,127302,14069997,14197299,8884350,192137,9076487
6100,18297,18601950,18620247,119982,13380654,13500636,9287532,195921,9483453
6200,18597,19216900,19235497,130080,15320664,15450744,9731739,199519,9931258
6300,18897,19841850,19860747,140337,17405322,17545659,10025957,203147,10229104
6400,19197,20476800,20495997,134421,14276319,14410740,10235502,206829,10442331
6500,19497,21121750,21141247,145116,14103619,14248735,10621855,210571,10832426
6600,19797,21776700,21796497,178131,21764139,21942270,11078525,214232,11292757
6700,20097,22441650,22461747,143148,17291205,17434353,10977715,218067,11195782
6800,20397,23116600,23136997,148224,16147089,16295313,11624984,221749,11846733
6900,20697,23801550,23822247,156726,19484159,19640885,11880691,225500,12106191
7000,20997,24496500,24517497,178386,24338297,24516683,12269414,229035,12498449
7100,21297,25201450,25222747,154368,22485835,22640203,12455942,232798,12688740
7200,21597,25916400,25937997,164478,25025955,25190433,12916928,236564,13153492
7300,21897,26641350,26663247,167961,23411739,23579700,13352899,240231,13593130
7400,22197,27376300,27398497,159069,20013097,20172166,13705751,244033,13949784
7500,22497,28121250,28143747,177195,21739872,21917067,14120425,247769,14368194
7600,22797,28876200,28898997,176487,19573059,19749546,14464279,251262,14715541
7700,23097,29641150,29664247,168681,28821310,28989991,14957903,255022,15212925
7800,23397,30416100,30439497,192687,30407189,30599876,15182263,258740,15441003
7900,23697,31201050,31224747,174270,29689859,29864129,15430539,262527,15693066
8000,23997,31996000,32019997,185709,31610997,31796706,16160358,266080,16426438
8100,24297,32800950,32825247,164271,20117784,20282055,16285572,269924,16555496
8200,24597,33615900,33640497,174420,22322772,22497192,16671405,273552,16944957
8300,24897,34440850,34465747,225444,34388524,34613968,17287276,277228,17564504
8400,25197,35275800,35300997,180786,27586719,27767505,17768602,281096,18049698
8500,25497,36120750,36146247,180066,22004109,22184175,18032727,284700,18317427
8600,25797,36975700,37001497,183849,24029284,24213133,18542148,288280,18830428
8700,26097,37840650,37866747,198489,37798455,37996944,18989386,292223,19281609
8800,26397,38715600,38741997,225585,33871772,34097357,19580035,295911,19875946
8900,26697,39600550,39627247,197328,29697075,29894403,19765169,299599,20064768
9000,26997,40495500,40522497,213315,40191690,40405005,20249500,303554,20553054
9100,27297,41400450,41427747,219939,37417197,37637136,20679827,307302,20987129
9200,27597,42315400,42342997,194628,29642305,29836933,21245158,310975,21556133
9300,27897,43240350,43268247,206556,31669895,31876451,21683888,314834,21998722
9400,28197,44175300,44203497,233592,42261354,42494946,22067365,318699,22386064
9500,28497,45120250,45148747,226608,44492490,44719098,22817433,322399,23139832
9600,28797,46075200,46103997,208449,23128275,23336724,23103998,326288,23430286
9700,29097,47040150,47069247,217401,35517750,35735151,23657471,330300,23987771
9800,29397,48015100,48044497,242493,37647919,37890412,24103098,334054,24437152
9900,29697,49000050,49029747,221919,35705304,35927223,24559510,337973,24897483
100,297,4950,5247,966,4779,5745,2585,1452,4037
200,597,19900,20497,2454,17050,19504,10576,3466,14042
300,897,44850,45747,3171,26322,29493,22161,5699,27860
400,1197,79800,80997,6990,77025,84015,42688,8163,50851
500,1497,124750,126247,6615,101959,108574,63919,10627,74546
600,1797,179700,181497,10575,179697,190272,92400,13217,105617
700,2097,244650,246747,13146,241569,254715,125508,15882,141390
800,2397,319600,321997,11223,230769,241992,165367,18673,184040
900,2697,404550,407247,15987,393524,409511,211088,21473,232561
1000,2997,499500,502497,16071,378714,394785,250579,24312,274891
1100,3297,604450,607747,14619,297514,312133,295994,27121,323115
1200,3597,719400,722997,17502,602514,620016,360463,30023,390486
1300,3897,844350,848247,20163,463722,483885,429937,33015,462952
1400,4197,979300,983497,23352,639400,662752,502812,35983,538795
1500,4497,1124250,1128747,32220,1029855,1062075,558861,39122,597983
1600,4797,1279200,1283997,27036,1106622,1133658,640843,42198,683041
1700,5097,1444150,1449247,29088,932584,961672,729641,45235,774876
1800,5397,1619100,1624497,31881,1351554,1383435,791051,48356,839407
1900,5697,1804050,1809747,39768,1461672,1501440,908973,51414,960387
2000,5997,1999000,2004997,40662,1998829,2039491,970226,54502,1024728
2100,6297,2203950,2210247,40914,2148672,2189586,1101855,57680,1159535
2200,6597,2418900,2425497,42498,1993397,2035895,1225437,60810,1286247
2300,6897,2643850,2650747,38580,1912405,1950985,1346941,63985,1410926
2400,7197,2878800,2885997,47487,2203097,2250584,1443447,67124,1510571
2500,7497,3123750,3131247,48048,2068872,2116920,1564557,70503,1635060
2600,7797,3378700,3386497,53088,3378469,3431557,1712618,73645,1786263
2700,8097,3643650,3651747,51504,3005765,3057269,1821168,76994,1898162
2800,8397,3918600,3926997,51768,2396960,2448728,1934848,80367,2015215
2900,8697,4203550,4212247,52557,3576910,3629467,2130058,83692,2213750
3000,8997,4498500,4507497,57138,3235245,3292383,2244110,87059,2331169
3100,9297,4803450,4812747,58548,4196799,4255347,2345775,90480,2436255
3200,9597,5118400,5127997,63066,2574760,2637826,2599631,93823,2693454
3300,9897,5443350,5453247,66768,4329572,4396340,2761585,97220,2858805
3400,10197,5778300,5788497,69483,5713680,5783163,2861279,100692,2961971
3500,10497,6123250,6133747,77073,5797222,5874295,3120531,104101,3224632
3600,10797,6478200,6488997,74688,6377624,6452312,3218086,107474,3325560
3700,11097,6843150,6854247,66654,3865130,3931784,3369054,110973,3480027
3800,11397,7218100,7229497,88548,6920494,7009042,3595861,114250,3710111
3900,11697,7603050,7614747,99660,7601969,7701629,3805898,117677,3923575
4000,11997,7998000,8009997,83610,5868984,5952594,3897100,121059,4018159
4100,12297,8402950,8415247,90912,8125810,8216722,4201701,124525,4326226
4200,12597,8817900,8830497,76365,6053124,6129489,4457666,127919,4585585
4300,12897,9242850,9255747,97290,9214884,9312174,4627166,131328,4758494
4400,13197,9677800,9690997,81336,8518797,8600133,4950256,134728,5084984
4500,13497,10122750,10136247,97440,10056684,10154124,5029913,138215,5168128
4600,13797,10577700,10591497,105348,10495890,10601238,5214542,141696,5356238
4700,14097,11042650,11056747,96237,8857555,8953792,5471517,145270,5616787
4800,14397,11517600,11531997,99168,9650322,9749490,5778554,148685,5927239
4900,14697,12002550,12017247,97173,8836164,8933337,5948544,152334,6100878
5000,14997,12497500,12512497,95883,8206515,8302398,6242039,156013,6398052
5100,15297,13002450,13017747,129687,12464247,12593934,6527076,159458,6686534
5200,15597,13517400,13532997,112281,10195647,10307928,6836325,162990,6999315
5300,15897,14042350,14058247,107466,12202029,12309495,7033866,166585,7200451
5400,16197,14577300,14593497,119403,14337522,14456925,7301442,170354,7471796
5500,16497,15122250,15138747,112869,12709944,12822813,7519759,173751,7693510
5600,16797,15677200,15693997,122076,13633969,13756045,8054896,177346,8232242
5700,17097,16242150,16259247,114345,12782385,12896730,8050303,181118,8231421
5800,17397,16817100,16834497,127782,16732022,16859804,8335269,184824,8520093
5900,17697,17402050,17419747,135594,15750397,15885991,8657932,188425,8846357
6000,17997,17997000,18014997,129198,15855585,15984783,9064307,192056,9256363
6100,18297,18601950,18620247,124395,14802804,14927199,9214600,195819,9410419
6200,18597,19216900,19235497,131844,17444997,17576841,9690679,199804,9890483
6300,18897,19841850,19860747,126072,13669509,13795581,9827074,203195,10030269
6400,19197,20476800,20495997,128850,17946675,18075525,10251394,206754,10458148
6500,19497,21121750,21141247,148203,16346155,16494358,10504841,210634,10715475
6600,19797,21776700,21796497,146562,20626814,20773376,10889043,214163,11103206
6700,20097,22441650,22461747,148563,14697570,14846133,11190937,218067,11409004
6800,20397,23116600,23136997,153360,17797909,17951269,11716053,221695,11937748
6900,20697,23801550,23822247,151677,14840289,14991966,11659232,225443,11884675
7000,20997,24496500,24517497,147471,21164429,21311900,12130010,229146,12359156
7100,21297,25201450,25222747,142425,17203450,17345875,12543375,232729,12776104
7200,21597,25916400,25937997,203271,25915224,26118495,12907432,236546,13143978
7300,21897,26641350,26663247,163533,14697522,14861055,13490555,240309,13730864
7400,22197,27376300,27398497,173850,26997415,27171265,13692917,244003,13936920
7500,22497,28121250,28143747,187548,27855165,28042713,14208794,247649,14456443
7600,22797,28876200,28898997,172008,20628309,20800317,14241881,251346,14493227
7700,23097,29641150,29664247,162186,21506589,21668775,14912255,255109,15167364
7800,23397,30416100,30439497,175734,30322139,30497873,15230604,258785,15489389
7900,23697,31201050,31224747,174732,25168449,25343181,15516671,262350,15779021
8000,23997,31996000,32019997,166221,22047970,22214191,16009984,265996,16275980
8100,24297,32800950,32825247,175680,27765399,27941079,16355320,269906,16625226
8200,24597,33615900,33640497,197655,33606447,33804102,16750321,273534,17023855
8300,24897,34440850,34465747,175254,28088020,28263274,16824804,277273,17102077
8400,25197,35275800,35300997,183960,28159922,28343882,17622501,281045,17903546
8500,25497,36120750,36146247,206910,35780850,35987760,18172842,284748,18457590
8600,25797,36975700,37001497,186207,27767214,27953421,18612821,288433,18901254
8700,26097,37840650,37866747,202059,34000044,34202103,19129121,292325,19421446
8800,26397,38715600,38741997,192750,32023289,32216039,19399757,296010,19695767
8900,26697,39600550,39627247,234504,39585844,39820348,19656100,299656,19955756
9000,26997,40495500,40522497,225606,40123547,40349153,20404228,303578,20707806
9100,27297,41400450,41427747,219969,39027519,39247488,20667209,307398,20974607
9200,27597,42315400,42342997,215262,36185149,36400411,21401362,310837,21712199
9300,27897,43240350,43268247,213066,35278305,35491371,21665089,315011,21980100
9400,28197,44175300,44203497,235419,43630854,43866273,22171244,318678,22489922
9500,28497,45120250,45148747,210492,25977672,26188164,22461812,322651,22784463
9600,28797,46075200,46103997,203370,33816524,34019894,23043714,326357,23370071
9700,29097,47040150,47069247,214332,33673115,33887447,23825663,330123,24155786
9800,29397,48015100,48044497,262917,43374519,43637436,23885090,333904,24218994
9900,29697,49000050,49029747,229353,43556700,43786053,24631805,337787,24969592
100,297,4950,5247,1380,4905,6285,2828,1434,4262
200,597,19900,20497,2640,19494,22134,10084,3490,13574
300,897,44850,45747,4014,44385,48399,23366,5702,29068
400,1197,79800,80997,5808,71672,77480,41754,8154,49908
500,1497,124750,126247,7650,122605,130255,63176,10669,73845
600,1797,179700,181497,8574,131495,140069,89288,13220,102508
700,2097,244650,246747,13998,236265,250263,126718,15855,142573
800,2397,319600,321997,11955,316519,328474,158251,18727,176978
900,2697,404550,407247,15849,404115,419964,209220,21512,230732
1000,2997,499500,502497,17646,492479,510125,249074,24309,273383
1100,3297,604450,607747,17649,320569,338218,311399,27115,338514
1200,3597,719400,722997,20388,700872,721260,373267,29951,403218
1300,3897,844350,848247,29781,843822,873603,422223,32979,455202
1400,4197,979300,983497,23322,568429,591751,484882,36040,520922
1500,4497,1124250,1128747,30897,1121904,1152801,562202,39032,601234
1600,4797,1279200,1283997,23181,636789,659970,636290,42123,678413
1700,5097,1444150,1449247,28275,1315372,1343647,734641,45220,779861
1800,5397,1619100,1624497,31725,1119600,1151325,804944,48326,853270
1900,5697,1804050,1809747,31152,1170675,1201827,898719,51414,950133
2000,5997,1999000,2004997,39777,1998994,2038771,1004491,54625,1059116
2100,6297,2203950,2210247,42246,2143224,2185470,1090302,57680,1147982
2200,6597,2418900,2425497,46428,2372844,2419272,1207876,60771,1268647
2300,6897,2643850,2650747,41883,2406145,2448028,1337257,63910,1401167
2400,7197,2878800,2885997,44394,2721720,2766114,1467817,67241,1535058
2500,7497,3123750,3131247,42981,1586369,1629350,1580714,70401,1651115
2600,7797,3378700,3386497,51351,3101560,3152911,1676159,73708,1749867
2700,8097,3643650,3651747,47532,2532855,2580387,1824711,77015,1901726
2800,8397,3918600,3926997,55686,3777354,3833040,2012869,80349,2093218
2900,8697,4203550,4212247,52227,2744064,2796291,2093705,83755,2177460
3000,8997,4498500,4507497,58014,2982089,3040103,2256734,87077,2343811
3100,9297,4803450,4812747,55344,3477444,3532788,2430587,90372,2520959
3200,9597,5118400,5127997,67410,4454272,4521682,2580871,93886,2674757
3300,9897,5443350,5453247,65910,4465449,4531359,2725388,97211,2822599
3400,10197,5778300,5788497,70113,3793272,3863385,2923004,100641,3023645
3500,10497,6123250,6133747,73158,5361255,5434413,3075653,104038,3179691
3600,10797,6478200,6488997,72093,5232369,5304462,3196955,107564,3304519
3700,11097,6843150,6854247,81567,6778530,6860097,3461526,110982,3572508
3800,11397,7218100,7229497,75630,5896975,5972605,3630292,114157,3744449
3900,11697,7603050,7614747,76293,6513024,6589317,3781412,117602,3899014
4000,11997,7998000,8009997,84327,7170459,7254786,3948975,121023,4069998
4100,12297,8402950,8415247,74136,5942079,6016215,4100259,124393,4224652
4200,12597,8817900,8830497,93894,6844809,6938703,4466339,127898,4594237
4300,12897,9242850,9255747,80661,6144045,6224706,4623324,131202,4754526
4400,13197,9677800,9690997,88488,6948184,7036672,4859665,134827,4994492
4500,13497,10122750,10136247,92622,8181315,8273937,5020550,138341,5158891
4600,13797,10577700,10591497,97341,8481572,8578913,5316550,141882,5458432
4700,14097,11042650,11056747,102117,8460522,8562639,5534364,145252,5679616
4800,14397,11517600,11531997,102237,11203572,11305809,5754244,148733,5902977
4900,14697,12002550,12017247,111507,12000339,12111846,6034309,152442,6186751
5000,14997,12497500,12512497,112080,11936230,12048310,6257733,155842,6413575
5100,15297,13002450,13017747,107007,8985255,9092262,6519227,159368,6678595
5200,15597,13517400,13532997,128562,13502694,13631256,6776146,163065,6939211
5300,15897,14042350,14058247,127272,13149234,13276506,7035243,166669,7201912
5400,16197,14577300,14593497,109206,10653099,10762305,7229686,170171,7399857
5500,16497,15122250,15138747,117474,11808225,11925699,7586755,173760,7760515
5600,16797,15677200,15693997,125658,15662494,15788152,7871748,177466,8049214
5700,17097,16242150,16259247,128304,16217174,16345478,8079213,181127,8260340
5800,17397,16817100,16834497,127122,16718754,16845876,8506664,184647,8691311
5900,17697,17402050,17419747,128520,13804147,13932667,8742847,188500,8931347
6000,17997,17997000,18014997,147672,17839920,17987592,9103273,192092,9295365
6100,18297,18601950,18620247,129201,13412919,13542120,9267562,195738,9463300
6200,18597,19216900,19235497,134190,16449772,16583962,9680280,199519,9879799
6300,18897,19841850,19860747,132378,17302719,17435097,9896626,203201,10099827
6400,19197,20476800,20495997,135543,18578474,18714017,10256934,207129,10464063
6500,19497,21121750,21141247,142686,13735504,13878190,10537931,210679,10748610
6600,19797,21776700,21796497,136752,12120885,12257637,10918595,214262,11132857
6700,20097,22441650,22461747,141288,19740000,19881288,11271827,218004,11489831
6800,20397,23116600,23136997,145578,17943664,18089242,11570534,221725,11792259
6900,20697,23801550,23822247,175302,23391585,23566887,11941886,225338,12167224
7000,20997,24496500,24517497,161928,20603055,20764983,12243323,229116,12472439
7100,21297,25201450,25222747,144645,18694422,18839067,12591928,232852,12824780
7200,21597,25916400,25937997,133779,17348670,17482449,12887794,236474,13124268
7300,21897,26641350,26663247,164793,25038405,25203198,13331593,240192,13571785
7400,22197,27376300,27398497,171954,25805422,25977376,13769275,243859,14013134
7500,22497,28121250,28143747,168690,24739950,24908640,14069541,247658,14317199
7600,22797,28876200,28898997,206943,28862004,29068947,14441993,251316,14693309
7700,23097,29641150,29664247,188427,20385397,20573824,14783341,254863,15038204
7800,23397,30416100,30439497,186159,29122464,29308623,15186791,258749,15445540
7900,23697,31201050,31224747,199176,31194029,31393205,15560147,262290,15822437
8000,23997,31996000,32019997,161238,28424872,28586110,15918930,266260,16185190
8100,24297,32800950,32825247,184839,27563484,27748323,16347850,269855,16617705
8200,24597,33615900,33640497,164748,28352510,28517258,17124932,273594,17398526
8300,24897,34440850,34465747,180192,25685830,25866022,17375873,277231,17653104
8400,25197,35275800,35300997,191058,31626749,31817807,17389468,280913,17670381
8500,25497,36120750,36146247,197268,24574335,24771603,18065935,284679,18350614
8600,25797,36975700,37001497,199914,34773849,34973763,18425743,288532,18714275
8700,26097,37840650,37866747,206673,37766345,37973018,18909615,292124,19201739
8800,26397,38715600,38741997,209895,32920290,33130185,19454996,296001,19750997
8900,26697,39600550,39627247,197787,28665724,28863511,19928237,299977,20228214
9000,26997,40495500,40522497,198747,28507644,28706391,20495039,303416,20798455
9100,27297,41400450,41427747,202257,30707450,30909707,20593478,307317,20900795
9200,27597,42315400,42342997,211539,42180979,42392518,21119107,311131,21430238
9300,27897,43240350,43268247,213636,39537069,39750705,21587180,314744,21901924
9400,28197,44175300,44203497,205548,26034024,26239572,22127256,318627,22445883
9500,28497,45120250,45148747,212010,28146199,28358209,22540144,322468,22862612
9600,28797,46075200,46103997,221208,34475864,34697072,23204001,326183,23530184
9700,29097,47040150,47069247,251766,45281400,45533166,23568209,329880,23898089
9800,29397,48015100,48044497,207969,43077447,43285416,24026529,333973,24360502
9900,29697,49000050,49029747,242664,40727772,40970436,24633344,337976,24971320
100,297,4950,5247,822,4454,5276,2462,1446,3908
200,597,19900,20497,2349,19197,21546,10726,3499,14225
300,897,44850,45747,3984,44714,48698,22177,5720,27897
400,1197,79800,80997,5934,78575,84509,39894,8163,48057
500,1497,124750,126247,6447,107359,113806,63086,10636,73722
600,1797,179700,181497,7509,129930,137439,92524,13166,105690
700,2097,244650,246747,11448,225147,236595,119233,15906,135139
800,2397,319600,321997,14307,316197,330504,163722,18628,182350
900,2697,404550,407247,13695,344519,358214,200668,21488,222156
1000,2997,499500,502497,16689,479400,496089,254159,24303,278462
1100,3297,604450,607747,17988,477190,495178,306944,27136,334080
1200,3597,719400,722997,16980,406164,423144,372568,30035,402603
1300,3897,844350,848247,21162,591234,612396,436847,32979,469826
1400,4197,979300,983497,25710,844879,870589,486912,36022,522934
1500,4497,1124250,1128747,26268,1091097,1117365,571497,39011,610508
1600,4797,1279200,1283997,30552,1257045,1287597,638994,42213,681207
1700,5097,1444150,1449247,31167,1255345,1286512,713629,45232,758861
1800,5397,1619100,1624497,35238,1207322,1242560,820775,48380,869155
1900,5697,1804050,1809747,39537,1688610,1728147,903169,51489,954658
2000,5997,1999000,2004997,37926,1979890,2017816,985730,54484,1040214
2100,6297,2203950,2210247,40644,2124947,2165591,1110438,57656,1168094
2200,6597,2418900,2425497,40008,2070705,2110713,1214249,60693,1274942
2300,6897,2643850,2650747,45855,2514055,2559910,1357751,64018,1421769
2400,7197,2878800,2885997,50814,2878475,2929289,1421111,67151,1488262
2500,7497,3123750,3131247,48135,3123155,3171290,1564440,70350,1634790
2600,7797,3378700,3386497,48921,2584270,2633191,1699017,73702,1772719
2700,8097,3643650,3651747,49086,3233685,3282771,1851539,77024,1928563
2800,8397,3918600,3926997,58326,3062514,3120840,1974640,80268,2054908
2900,8697,4203550,4212247,56532,3544024,3600556,2056392,83764,2140156
3000,8997,4498500,4507497,56934,3315009,3371943,2224450,87182,2311632
3100,9297,4803450,4812747,61584,4706870,4768454,2389866,90483,2480349
3200,9597,5118400,5127997,60285,4699330,4759615,2588026,93697,2681723
3300,9897,5443350,5453247,79368,4981109,5060477,2723641,97301,2820942
3400,10197,5778300,5788497,72621,5104920,5177541,2896070,100716,2996786
3500,10497,6123250,6133747,69321,5574622,5643943,3084790,104065,3188855
3600,10797,6478200,6488997,83451,6438860,6522311,3139064,107378,3246442
3700,11097,6843150,6854247,71634,6503250,6574884,3481948,110910,3592858
3800,11397,7218100,7229497,75843,5921245,5997088,3653797,114232,3768029
3900,11697,7603050,7614747,85755,7401755,7487510,3773804,117713,3891517
4000,11997,7998000,8009997,85833,7552904,7638737,4003399,121032,4124431
4100,12297,8402950,8415247,88452,7818129,7906581,4244296,124438,4368734
4200,12597,8817900,8830497,95958,8411549,8507507,4349165,127916,4477081
4300,12897,9242850,9255747,75819,4916639,4992458,4564735,131322,4696057
4400,13197,9677800,9690997,95229,6707097,6802326,4892797,134707,5027504
4500,13497,10122750,10136247,95652,9596925,9692577,5154942,138275,5293217
4600,13797,10577700,10591497,92595,7910805,8003400,5291994,141765,5433759
4700,14097,11042650,11056747,100986,8501265,8602251,5562629,145204,5707833
4800,14397,11517600,11531997,102066,8971704,9073770,5693111,148664,5841775
4900,14697,12002550,12017247,104058,9415875,9519933,6015191,152316,6167507
5000,14997,12497500,12512497,119877,11998999,12118876,6326343,155878,6482221
5100,15297,13002450,13017747,110550,12553572,12664122,6519952,159407,6679359
5200,15597,13517400,13532997,121107,13145447,13266554,6772460,163095,6935555
5300,15897,14042350,14058247,107070,11798329,11905399,7132598,166693,7299291
5400,16197,14577300,14593497,113109,10708929,10822038,7310267,170171,7480438
5500,16497,15122250,15138747,111336,9926774,10038110,7564314,173841,7738155
5600,16797,15677200,15693997,105570,11941189,12046759,7756423,177376,7933799
5700,17097,16242150,16259247,111375,12165210,12276585,8088919,181199,8270118
5800,17397,16817100,16834497,128025,14203059,14331084,8464651,184773,8649424
5900,17697,17402050,17419747,128154,15316147,15444301,8788707,188491,8977198
6000,17997,17997000,18014997,124914,13453395,13578309,8997989,192155,9190144
6100,18297,18601950,18620247,136680,18595845,18732525,9191758,195912,9387670
6200,18597,19216900,19235497,130035,12706264,12836299,9381372,199636,9581008
6300,18897,19841850,19860747,149334,19799364,19948698,9917360,203408,10120768
6400,19197,20476800,20495997,130260,15695022,15825282,10262160,206817,10468977
6500,19497,21121750,21141247,128733,18072535,18201268,10496507,210664,10707171
6600,19797,21776700,21796497,134562,14870514,15005076,10665494,214268,10879762
6700,20097,22441650,22461747,148026,16502469,16650495,11107713,217941,11325654
6800,20397,23116600,23136997,154803,18288322,18443125,11510370,221728,11732098
6900,20697,23801550,23822247,162645,22604172,22766817,11906340,225401,12131741
7000,20997,24496500,24517497,156450,21154095,21310545,12352085,229197,12581282
7100,21297,25201450,25222747,134502,10521379,10655881,12797231,232798,13030029
7200,21597,25916400,25937997,189672,25906809,26096481,12996389,236507,13232896
7300,21897,26641350,26663247,154131,14974485,15128616,13457783,240300,13698083
7400,22197,27376300,27398497,193383,27148825,27342208,13592098,243841,13835939
7500,22497,28121250,28143747,179313,27632684,27811997,14182461,247748,14430209
7600,22797,28876200,28898997,195834,28596074,28791908,14499534,251349,14750883
7700,23097,29641150,29664247,168168,26685054,26853222,14979812,255004,15234816
7800,23397,30416100,30439497,197763,29497410,29695173,15209781,258800,15468581
7900,23697,31201050,31224747,181329,20609547,20790876,15406188,262443,15668631
8000,23997,31996000,32019997,196608,31957774,32154382,15986181,266221,16252402
8100,24297,32800950,32825247,185004,25240734,25425738,16534971,269855,16804826
8200,24597,33615900,33640497,163632,20444622,20608254,16784265,273423,17057688
8300,24897,34440850,34465747,198903,31870072,32068975,17097754,277312,17375066
8400,25197,35275800,35300997,202101,33831650,34033751,17861270,280883,18142153
8500,25497,36120750,36146247,191604,31546950,31738554,18237605,284754,18522359
8600,25797,36975700,37001497,192777,34217974,34410751,18414526,288523,18703049
8700,26097,37840650,37866747,206778,29802605,30009383,19094274,292058,19386332
8800,26397,38715600,38741997,248364,38674272,38922636,19395975,295989,19691964
8900,26697,39600550,39627247,192537,32171965,32364502,19841293,299758,20141051
9000,26997,40495500,40522497,194640,33718779,33913419,20284623,303566,20588189
9100,27297,41400450,41427747,242853,35322609,35565462,20621660,307167,20928827
9200,27597,42315400,42342997,197550,21568939,21766489,21553545,311044,21864589
9300,27897,43240350,43268247,202638,34726349,34928987,22006006,314819,22320825
9400,28197,44175300,44203497,235689,43248459,43484148,21934642,318675,22253317
9500,28497,45120250,45148747,214368,40693450,40907818,22639788,322393,22962181
9600,28797,46075200,46103997,217017,42374640,42591657,23227801,326336,23554137
9700,29097,47040150,47069247,209958,33082464,33292422,23761080,330099,24091179
9800,29397,48015100,48044497,219201,33861240,34080441,24407200,333976,24741176
9900,29697,49000050,49029747,232857,29690045,29922902,24577578,337790,24915368
100,297,4950,5247,924,3624,4548,2625,1437,4062
200,597,19900,20497,2028,12519,14547,10186,3490,13676
300,897,44850,45747,3930,32760,36690,23379,5726,29105
400,1197,79800,80997,5298,49419,54717,40546,8142,48688
500,1497,124750,126247,5883,92619,98502,62178,10669,72847
600,1797,179700,181497,7614,114720,122334,87017,13220,100237
700,2097,244650,246747,10728,236135,246863,120883,15888,136771
800,2397,319600,321997,12696,257472,270168,167155,18649,185804
900,2697,404550,407247,13818,329084,342902,202712,21476,224188
1000,2997,499500,502497,18507,499094,517601,250570,24300,274870
1100,3297,604450,607747,18120,344890,363010,295469,27091,322560
1200,3597,719400,722997,17874,385247,403121,356631,30014,386645
1300,3897,844350,848247,21546,493647,515193,425127,32907,458034
1400,4197,979300,983497,27168,962280,989448,487626,35983,523609
1500,4497,1124250,1128747,26730,768504,795234,549429,39092,588521
1600,4797,1279200,1283997,30270,1278849,1309119,661450,42180,703630
1700,5097,1444150,1449247,30168,1081624,1111792,720144,45256,765400
1800,5397,1619100,1624497,32847,1419072,1451919,819681,48305,867986
1900,5697,1804050,1809747,34038,1762722,1796760,903560,51495,955055
2000,5997,1999000,2004997,44730,1986910,2031640,994468,54544,1049012
2100,6297,2203950,2210247,40470,1854084,1894554,1109534,57596,1167130
2200,6597,2418900,2425497,37692,1637025,1674717,1190738,60828,1251566
2300,6897,2643850,2650747,41685,1717009,1758694,1341149,64024,1405173
2400,7197,2878800,2885997,43812,2841672,2885484,1439742,67148,1506890
2500,7497,3123750,3131247,45411,2769689,2815100,1593266,70410,1663676
2600,7797,3378700,3386497,52608,2551159,2603767,1710004,73759,1783763
2700,8097,3643650,3651747,55752,3628599,3684351,1855161,76946,1932107
2800,8397,3918600,3926997,53439,3651785,3705224,1968077,80310,2048387
2900,8697,4203550,4212247,64329,4164210,4228539,2117533,83719,2201252
3000,8997,4498500,4507497,57444,3357695,3415139,2266736,87161,2353897
3100,9297,4803450,4812747,62556,4688969,4751525,2442038,90465,2532503
3200,9597,5118400,5127997,68163,5080450,5148613,2541781,93895,2635676
3300,9897,5443350,5453247,65166,2702039,2767205,2730605,97265,2827870
3400,10197,5778300,5788497,75138,4311972,4387110,2864949,100749,2965698
3500,10497,6123250,6133747,59859,3409965,3469824,3121195,104032,3225227
3600,10797,6478200,6488997,70827,5277725,5348552,3220201,107564,3327765
3700,11097,6843150,6854247,69351,4728554,4797905,3467613,110808,3578421
3800,11397,7218100,7229497,67530,4993105,5060635,3591997,114361,3706358
3900,11697,7603050,7614747,80691,6798504,6879195,3850145,117869,3968014
4000,11997,7998000,8009997,74145,6516219,6590364,4003851,121089,4124940
4100,12297,8402950,8415247,80337,6182172,6262509,4206094,124498,4330592
4200,12597,8817900,8830497,83304,7059150,7142454,4419957,127877,4547834
4300,12897,9242850,9255747,89778,8644979,8734757,4701593,131280,4832873
4400,13197,9677800,9690997,94689,9139597,9234286,4792847,134722,4927569
4500,13497,10122750,10136247,86292,6562304,6648596,4995356,138224,5133580
4600,13797,10577700,10591497,105489,8602622,8708111,5231970,141723,5373693
4700,14097,11042650,11056747,108999,10522960,10631959,5502150,145324,5647474
4800,14397,11517600,11531997,93078,7903584,7996662,5729696,148820,5878516
4900,14697,12002550,12017247,104910,9908469,10013379,5996931,152352,6149283
5000,14997,12497500,12512497,119280,11169865,11289145,6159054,155824,6314878
5100,15297,13002450,13017747,112833,10501484,10614317,6540345,159449,6699794
5200,15597,13517400,13532997,108516,11874822,11983338,6802922,163152,6966074
5300,15897,14042350,14058247,115191,11037424,11152615,7065565,166522,7232087
5400,16197,14577300,14593497,102702,8077485,8180187,7260840,170324,7431164
5500,16497,15122250,15138747,123177,14438385,14561562,7631443,174024,7805467
5600,16797,15677200,15693997,130149,12437415,12567564,8003781,177415,8181196
5700,17097,16242150,16259247,115908,15316670,15432578,8088497,181103,8269600
5800,17397,16817100,16834497,128892,15773810,15902702,8498714,184788,8683502
5900,17697,17402050,17419747,146907,17105215,17252122,8813444,188296,9001740
6000,17997,17997000,18014997,124758,14502954,14627712,8958052,192128,9150180
6100,18297,18601950,18620247,151632,18588584,18740216,9217027,195837,9412864
6200,18597,19216900,19235497,133698,18213664,18347362,9719909,199618,9919527
6300,18897,19841850,19860747,173376,19836285,20009661,9903121,203288,10106409
6400,19197,20476800,20495997,140031,15921129,16061160,10070337,206949,10277286
6500,19497,21121750,21141247,128646,15465184,15593830,10499791,210631,10710422
6600,19797,21776700,21796497,124536,9783947,9908483,10906750,214460,11121210
6700,20097,22441650,22461747,148626,19008140,19156766,11157928,217944,11375872
6800,20397,23116600,23136997,149256,14779114,14928370,11574966,221734,11796700
6900,20697,23801550,23822247,160674,22674299,22834973,11888110,225452,12113562
7000,20997,24496500,24517497,135180,11242974,11378154,12443615,229170,12672785
7100,21297,25201450,25222747,161973,23228359,23390332,12639515,232819,12872334
7200,21597,25916400,25937997,178935,21510404,21689339,12705278,236600,12941878
7300,21897,26641350,26663247,170832,26596200,26767032,13216130,240156,13456286
7400,22197,27376300,27398497,171237,26884764,27056001,13850980,243979,14094959
7500,22497,28121250,28143747,156963,19491315,19648278,13913830,247637,14161467
7600,22797,28876200,28898997,158841,20016255,20175096,14280744,251256,14532000
7700,23097,29641150,29664247,150810,18333760,18484570,14637930,255148,14893078
7800,23397,30416100,30439497,179859,29397222,29577081,15308984,258689,15567673
7900,23697,31201050,31224747,192471,29838975,30031446,15421774,262398,15684172
8000,23997,31996000,32019997,163503,19317870,19481373,16267132,266023,16533155
8100,24297,32800950,32825247,201465,32781644,32983109,16494772,269783,16764555
8200,24597,33615900,33640497,168678,28659374,28828052,17108465,273621,17382086
8300,24897,34440850,34465747,181002,25313722,25494724,17013144,277270,17290414
8400,25197,35275800,35300997,207792,34093847,34301639,17671447,280991,17952438
8500,25497,36120750,36146247,195216,35373497,35568713,17879308,284634,18163942
8600,25797,36975700,37001497,196914,35651322,35848236,18659451,288331,18947782
8700,26097,37840650,37866747,207813,33783674,33991487,19130763,292268,19423031
8800,26397,38715600,38741997,173361,25125309,25298670,19412608,295851,19708459
8900,26697,39600550,39627247,212769,38875140,39087909,19707115,299794,20006909
9000,26997,40495500,40522497,221022,38335419,38556441,20145685,303560,20449245
9100,27297,41400450,41427747,217164,24286275,24503439,20916246,307272,21223518
9200,27597,42315400,42342997,203163,32331654,32534817,21302959,311041,21614000
9300,27897,43240350,43268247,225705,42625964,42851669,21593346,314864,21908210
9400,28197,44175300,44203497,254343,43980300,44234643,22034544,318540,22353084
9500,28497,45120250,45148747,211635,25126924,25338559,22535878,322333,22858211
9600,28797,46075200,46103997,228102,44161254,44389356,23104323,326369,23430692
9700,29097,47040150,47069247,207612,26524935,26732547,23412228,330105,23742333
9800,29397,48015100,48044497,231393,43724115,43955508,24185272,334021,24519293
9900,29697,49000050,49029747,216381,33921764,34138145,24196423,337571,24533994
